# Created by Octave 5.2.0, Wed Apr 29 20:11:15 2020 CEST <luka@Masina>
# name: X
# type: matrix
# rows: 30
# columns: 4
 -10 100 -1000 10000
 -9.3103448275862064 86.682520808561222 -807.04415925212163 7513.85941372665
 -8.6206896551724128 74.316290130796659 -640.65767354135039 5522.9109788047444
 -7.931034482758621 62.901307966706305 -498.87244249456728 3956.5745439224302
 -7.2413793103448274 52.437574316290132 -379.72036573865267 2749.6992001764502
 -6.5517241379310338 42.925089179548145 -281.2333429004878 1842.5632810721615
 -5.8620689655172411 34.363852556480374 -201.44327360695391 1180.8743625235229
 -5.1724137931034484 26.753864447086801 -138.38205748493172 715.76926285309526
 -4.4827586206896548 20.095124851367416 -90.081594161302206 403.81404279204435
 -3.7931034482758612 14.387633769322228 -54.573783262946371 207.00400548014136
 -3.1034482758620685 9.6313912009512457 -29.89052441674524 92.763696465761072
 -2.4137931034482758 5.8263971462544584 -14.063717249579726 33.9469037058821
 -1.7241379310344822 2.972651605231865 -5.1252613883308005 8.8366575660875828
 -1.0344827586206886 1.0701545778834698 -1.1070564598794503 1.1452308205649477
 -0.3448275862068968 0.11890606420927484 -0.041002091106646522 0.014138652105740191
 0.3448275862068968 0.11890606420927484 0.041002091106646522 0.014138652105740191
 1.0344827586206904 1.0701545778834736 1.1070564598794561 1.1452308205649555
 1.724137931034484 2.9726516052318712 5.1252613883308165 8.8366575660876201
 2.4137931034482776 5.8263971462544673 14.063717249579758 33.9469037058822
 3.1034482758620694 9.631391200951251 29.890524416745265 92.763696465761186
 3.793103448275863 14.387633769322242 54.573783262946449 207.00400548014176
 4.4827586206896566 20.095124851367434 90.08159416130232 403.81404279204497
 5.1724137931034484 26.753864447086801 138.38205748493172 715.76926285309526
 5.862068965517242 34.363852556480389 201.44327360695402 1180.8743625235236
 6.5517241379310356 42.925089179548173 281.23334290048808 1842.5632810721636
 7.2413793103448292 52.437574316290153 379.7203657386529 2749.6992001764529
 7.9310344827586228 62.901307966706334 498.87244249456762 3956.5745439224338
 8.6206896551724164 74.316290130796716 640.65767354135119 5522.9109788047535
 9.3103448275862064 86.682520808561222 807.04415925212163 7513.85941372665
 10 100 1000 10000


# name: y
# type: matrix
# rows: 30
# columns: 1
 -29.805578562510199
 -30.860458703392823
 -27.15335945811885
 -31.190081250841406
 -24.068914049377231
 -33.308805237297634
 -21.243488752043522
 -22.055936475389839
 -13.853774703298519
 -21.232834455185102
 -19.139061773780071
 -10.99451694350906
 -5.8724911958045221
 -1.0940357101904099
 -9.6175787268841262
 -0.73399783560423337
 1.9011966942465364
 8.8046788840624259
 13.543428096712784
 11.325213706502918
 15.667025875594126
 7.1505371219371732
 17.207169297874312
 19.184481422156001
 18.741637677480252
 24.334144823894434
 35.101236315786096
 35.193851715006389
 31.331465603045377
 45.060012353644197


